89816892876
83294572441
83889440979
90277424830
90534461429
90490776526
90153208645
89608783140
8665572060
86468871481
83532003385
87434805992
88258227599
87866367943
88939876170
90425757745
13034103219
83154207883
84966436074
86512879911
89175122454
89534046013
86350266593
88734546665
87738242447
87319779853
82950851956
88883023586
81819817441
82047927984
83142855356
88400945627
82443017514
88356230415
89843897148
82917635186
87999410540
87637365293
84487319234
84379289837
82098039832
84652022096
87613170763
90032506922
88736002821
88809304934
87741610162
90556383389
90348368534
90543838643